function label = useZUPT(t)

    %% Define zero-velocity interval, assign labels based on reference epoch speed.
    t11=378282;                 t12=378388;                 %106s
    t21=3.786298071745606e+05;  t22=3.786927303026182e+05;  %62s
    t31=3.788364956650260e+05;  t32=3.788518332435839e+05;  %13s
    %t41=3.789153609806536e+05;  t42=3.789247667740160e+05;  %9s
    t51=3.790604214592605e+05;  t52=3.790837329762357e+05;  %23s
    t61=3.791154339433963e+05;  t62=3.792019173870370e+05;  %85s
    t71=3.793402264664148e+05;  t72=3.794535525214086e+05;  %113s
    t81=3.794989776886450e+05;  t82=3.795209919870561e+05;  %20s
    t91=3.795690496766522e+05;  t92=3.796842412243114e+05;  %111s
    %t101=3.797222226684413e+05; t102=3.797333848863058e+05; %11s
    t111=3.799472490882564e+05; t112=3.799864737356838e+05; %40s
    t121=3.800360835804567e+05; t122=3.800481141112012e+05; %12s
    t131=3.800813302086886e+05; t132=3.801214278080054e+05; %40s
    t141=3.803079261495169e+05; t142=3.803613346926572e+05; %53s
    t151=3.803887747785766e+05; t152=3.804254400499196e+05; %37s
    %t161=3.809076616583684e+05; t162=3.809183756355584e+05; %11s
    t171=3.810289118986167e+05; t172=3.810406778032554e+05; %12s
    t181=3.817305252517980e+05; t182=3.817890311797506e+05; %59s
    t191=3.823451942272520e+05; t192=3.823890637004586e+05; %43s


    label = (((t>=t21)&&(t<=t22))||...
             ((t>=t31)&&(t<=t32))||...       ((t>=t41)&&(t<=t42))||...
             ((t>=t51)&&(t<=t52))||...
             ((t>=t61)&&(t<=t62))||...
             ((t>=t71)&&(t<=t72))||...
             ((t>=t81)&&(t<=t82))||...
             ((t>=t91)&&(t<=t92))||...       ((t>=t101)&&(t<=t102))||...
             ((t>=t111)&&(t<=t112))||...
             ((t>=t121)&&(t<=t122))||...
             ((t>=t131)&&(t<=t132))||...
             ((t>=t141)&&(t<=t142))||...
             ((t>=t151)&&(t<=t152))||...     ((t>=t161)&&(t<=t162))||...
             ((t>=t171)&&(t<=t172))||...
             ((t>=t181)&&(t<=t182))||...
             ((t>=t191)&&(t<=t192))||...
             ((t>=t11)&&(t<=t12)));



    % % t11=3.783310021839891e+05;  t12=3.783896877915611e+05;
    % % t21=3.786298071745606e+05;  t22=3.786927303026182e+05;
    % % t31=3.787542964932210e+05;  t32=3.787618501998988e+05;
    % t41=3.788364956650260e+05;  t42=3.788518332435839e+05;
    % t51=3.789153609806536e+05;  t52=3.789247667740160e+05;
    % t61=3.789826529827556e+05;  t62=3.789852759813441e+05; 
    % % t71=3.790604214592605e+05;  t72=3.790837329762357e+05;
    % % t81=3.791154339433963e+05;  t82=3.792019173870370e+05;
    % % t91=3.793402264664148e+05;  t92=3.794535525214086e+05;
    % % t101=3.794989776886450e+05; t102=3.795209919870561e+05;
    % % t111=3.795690496766522e+05; t112=3.796842412243114e+05;
    % % t121=3.797222226684413e+05; t122=3.797333848863058e+05;
    % t131=3.798405875638871e+05; t132=3.798472549502153e+05;
    % t141=3.799372490882564e+05; t142=3.799864737356838e+05;
    % t151=3.800360835804567e+05; t152=3.800501141112012e+05;
    % t161=3.800783302086886e+05; t162=3.801214278080054e+05;
    % t171=3.803079261495169e+05; t172=3.803613346926572e+05;
    % t181=3.803887747785766e+05; t182=3.804254400499196e+05;
    % t191=3.809076616583684e+05; t192=3.809203756355584e+05;
    % % t201=3.810079118986167e+05; t202=3.810406778032554e+05;
    % t211=3.817135252517980e+05; t212=3.817950311797506e+05;
    % t221=3.823451942272520e+05; t222=3.823890637004586e+05;
    % t231=3.830566267513593e+05; t232=3.830849954290412e+05;
    % 
    % label=(((t>=t41)&&(t<=t42))||...
    %        ((t>=t51)&&(t<=t52))||...
    %        ((t>=t61)&&(t<=t62))||...    
    %        ((t>=t131)&&(t<=t132))||...
    %        ((t>=t141)&&(t<=t142))||...
    %        ((t>=t151)&&(t<=t152))||...
    %        ((t>=t161)&&(t<=t162))||...
    %        ((t>=t171)&&(t<=t172))||...
    %        ((t>=t181)&&(t<=t182))||...
    %        ((t>=t191)&&(t<=t192))||...
    %        ((t>=t211)&&(t<=t212))||...
    %        ((t>=t221)&&(t<=t222))||...
    %        ((t>=t231)&&(t<=t232)));


% 1-11724           1
% 59692-72262       2
% 84561-86070       3
% 100982-104046     4
% 116737-118616     5
% 130180-130704     6
% 145716-150373     7
% 156706-173983     8
% 201614-224254     9
% 233329-237727     10
% 247328-270341     11
% 277929-280159     12
% 301576-302908     13
% 320887-330721     14
% 340632-343435     15
% 349072-357682     16
% 394941-405611     17
% 411093-418418     18
% 514757-517297     19
% 534785-541331     20
% 675757-692041     21
% 801961-810726     22
% 944104-949772     23

end

