function param = Param()
    param.D2R = pi / 180;
    param.R2D = 180 / pi;

    % param.wie = 15 * param.D2R / 3600;% 7.2722052166430399038487115353692e-5
    param.wie = 7.2921151467E-5; %%% WGS84
end